FRESHERS	781 132 839 140	1700 2200	page_12_image_0.jpg
NOW	843 132 876 140	1700 2200	page_12_image_0.jpg
b)	116 227 135 243	1700 2200	page_12_image_0.jpg
8	143 227 153 240	1700 2200	page_12_image_0.jpg
c)	117 268 134 285	1700 2200	page_12_image_0.jpg
18	142 268 163 281	1700 2200	page_12_image_0.jpg
d)	118 310 135 326	1700 2200	page_12_image_0.jpg
none	142 314 186 323	1700 2200	page_12_image_0.jpg
of	192 310 213 323	1700 2200	page_12_image_0.jpg
these	217 310 264 323	1700 2200	page_12_image_0.jpg
22)	117 352 147 368	1700 2200	page_12_image_0.jpg
How	153 352 199 365	1700 2200	page_12_image_0.jpg
old	205 352 235 365	1700 2200	page_12_image_0.jpg
would	241 352 300 365	1700 2200	page_12_image_0.jpg
have	306 352 352 365	1700 2200	page_12_image_0.jpg
Yellow	358 352 425 365	1700 2200	page_12_image_0.jpg
been	431 352 476 365	1700 2200	page_12_image_0.jpg
6	482 352 494 365	1700 2200	page_12_image_0.jpg
years	499 355 551 368	1700 2200	page_12_image_0.jpg
ago?	558 352 601 369	1700 2200	page_12_image_0.jpg
a)	117 393 134 410	1700 2200	page_12_image_0.jpg
15	142 393 163 406	1700 2200	page_12_image_0.jpg
b)	116 435 135 452	1700 2200	page_12_image_0.jpg
8	143 435 153 448	1700 2200	page_12_image_0.jpg
c)	117 477 134 493	1700 2200	page_12_image_0.jpg
9	140 477 151 490	1700 2200	page_12_image_0.jpg
d)	118 518 135 534	1700 2200	page_12_image_0.jpg
none	142 522 186 531	1700 2200	page_12_image_0.jpg
of	192 518 213 531	1700 2200	page_12_image_0.jpg
these	217 518 264 531	1700 2200	page_12_image_0.jpg
CASELET	118 560 223 573	1700 2200	page_12_image_0.jpg
6	230 560 241 573	1700 2200	page_12_image_0.jpg
After	118 602 166 615	1700 2200	page_12_image_0.jpg
the	171 602 198 615	1700 2200	page_12_image_0.jpg
2nd	204 602 239 615	1700 2200	page_12_image_0.jpg
MOCK	244 602 313 615	1700 2200	page_12_image_0.jpg
CSAT,	319 602 382 617	1700 2200	page_12_image_0.jpg
Seven	389 602 445 615	1700 2200	page_12_image_0.jpg
friends	451 602 514 615	1700 2200	page_12_image_0.jpg
-	519 609 532 611	1700 2200	page_12_image_0.jpg
Charles,	537 602 612 618	1700 2200	page_12_image_0.jpg
David,	618 602 679 617	1700 2200	page_12_image_0.jpg
Hanish,	686 602 755 617	1700 2200	page_12_image_0.jpg
Kedar,	762 602 822 617	1700 2200	page_12_image_0.jpg
Mahoud,	117 633 198 649	1700 2200	page_12_image_0.jpg
Ninja	204 633 255 650	1700 2200	page_12_image_0.jpg
and	261 633 294 647	1700 2200	page_12_image_0.jpg
Raul	299 633 343 647	1700 2200	page_12_image_0.jpg
are	349 637 376 647	1700 2200	page_12_image_0.jpg
comparing	383 633 480 650	1700 2200	page_12_image_0.jpg
their	486 633 528 647	1700 2200	page_12_image_0.jpg
scores	534 637 590 647	1700 2200	page_12_image_0.jpg
in	596 633 614 647	1700 2200	page_12_image_0.jpg
this	620 633 652 647	1700 2200	page_12_image_0.jpg
exam.	659 637 712 647	1700 2200	page_12_image_0.jpg
We	720 634 751 647	1700 2200	page_12_image_0.jpg
know	756 633 808 647	1700 2200	page_12_image_0.jpg
the	814 634 841 647	1700 2200	page_12_image_0.jpg
following	118 666 206 683	1700 2200	page_12_image_0.jpg
information	211 666 319 679	1700 2200	page_12_image_0.jpg
about	326 666 376 679	1700 2200	page_12_image_0.jpg
their	382 666 424 679	1700 2200	page_12_image_0.jpg
scores.	430 670 491 679	1700 2200	page_12_image_0.jpg
(a)	118 708 142 724	1700 2200	page_12_image_0.jpg
All	148 708 177 721	1700 2200	page_12_image_0.jpg
of	183 707 204 721	1700 2200	page_12_image_0.jpg
them	208 708 253 721	1700 2200	page_12_image_0.jpg
had	259 707 292 721	1700 2200	page_12_image_0.jpg
distinct	298 707 366 721	1700 2200	page_12_image_0.jpg
scores.https://www.freshersnow.com/entrance-exams	378 707 860 724	1700 2200	page_12_image_0.jpg
(b)	118 749 143 766	1700 2200	page_12_image_0.jpg
Kedar	150 749 206 763	1700 2200	page_12_image_0.jpg
scored	211 749 270 763	1700 2200	page_12_image_0.jpg
the	276 749 304 763	1700 2200	page_12_image_0.jpg
same	310 753 357 762	1700 2200	page_12_image_0.jpg
marks	363 749 418 763	1700 2200	page_12_image_0.jpg
as	425 753 443 763	1700 2200	page_12_image_0.jpg
the	449 749 477 763	1700 2200	page_12_image_0.jpg
average	483 753 554 766	1700 2200	page_12_image_0.jpg
of	560 749 581 763	1700 2200	page_12_image_0.jpg
the	585 750 612 763	1700 2200	page_12_image_0.jpg
marks	618 749 673 763	1700 2200	page_12_image_0.jpg
scored	680 749 739 763	1700 2200	page_12_image_0.jpg
by	745 750 767 766	1700 2200	page_12_image_0.jpg
Charles	773 749 843 763	1700 2200	page_12_image_0.jpg
and	117 781 150 794	1700 2200	page_12_image_0.jpg
David	156 781 211 794	1700 2200	page_12_image_0.jpg
where	217 781 273 794	1700 2200	page_12_image_0.jpg
Charles	280 781 348 794	1700 2200	page_12_image_0.jpg
scored	354 781 414 794	1700 2200	page_12_image_0.jpg
more	420 785 466 794	1700 2200	page_12_image_0.jpg
marks	473 781 528 794	1700 2200	page_12_image_0.jpg
than	534 781 573 794	1700 2200	page_12_image_0.jpg
David.	579 781 639 794	1700 2200	page_12_image_0.jpg
(c)	118 823 142 840	1700 2200	page_12_image_0.jpg
Both	148 823 193 836	1700 2200	page_12_image_0.jpg
Mahoud	198 823 275 836	1700 2200	page_12_image_0.jpg
and	280 823 313 836	1700 2200	page_12_image_0.jpg
Ninja	319 823 370 840	1700 2200	page_12_image_0.jpg
scored	376 823 435 836	1700 2200	page_12_image_0.jpg
less	441 823 475 836	1700 2200	page_12_image_0.jpg
marks	481 823 536 836	1700 2200	page_12_image_0.jpg
than	543 823 581 836	1700 2200	page_12_image_0.jpg
Hanish	587 823 652 836	1700 2200	page_12_image_0.jpg
but	658 823 687 836	1700 2200	page_12_image_0.jpg
more	693 827 739 836	1700 2200	page_12_image_0.jpg
than	745 823 785 836	1700 2200	page_12_image_0.jpg
Raul	791 823 833 836	1700 2200	page_12_image_0.jpg
and	840 823 873 836	1700 2200	page_12_image_0.jpg
the	117 855 145 868	1700 2200	page_12_image_0.jpg
marks	151 855 206 869	1700 2200	page_12_image_0.jpg
scored	212 856 271 869	1700 2200	page_12_image_0.jpg
by	278 855 300 872	1700 2200	page_12_image_0.jpg
Raul	306 855 349 869	1700 2200	page_12_image_0.jpg
is	355 855 370 869	1700 2200	page_12_image_0.jpg
not	376 857 406 868	1700 2200	page_12_image_0.jpg
the	411 855 439 868	1700 2200	page_12_image_0.jpg
least	445 855 487 868	1700 2200	page_12_image_0.jpg

FRESHERS	781 131 840 140	1700 2200	page_11_image_0.jpg
NOW	843 132 876 140	1700 2200	page_11_image_0.jpg
Eight	118 227 166 243	1700 2200	page_11_image_0.jpg
years	172 231 220 243	1700 2200	page_11_image_0.jpg
ago,	226 231 264 243	1700 2200	page_11_image_0.jpg
Yellow	271 227 338 240	1700 2200	page_11_image_0.jpg
was	344 231 379 240	1700 2200	page_11_image_0.jpg
half	385 226 422 240	1700 2200	page_11_image_0.jpg
as	426 231 444 240	1700 2200	page_11_image_0.jpg
old	451 227 480 240	1700 2200	page_11_image_0.jpg
as	486 231 505 240	1700 2200	page_11_image_0.jpg
Green	511 227 566 240	1700 2200	page_11_image_0.jpg
will	572 227 607 240	1700 2200	page_11_image_0.jpg
be	614 227 635 240	1700 2200	page_11_image_0.jpg
when	641 227 690 240	1700 2200	page_11_image_0.jpg
Green	696 227 751 240	1700 2200	page_11_image_0.jpg
is	758 227 772 240	1700 2200	page_11_image_0.jpg
one	779 231 811 240	1700 2200	page_11_image_0.jpg
year	817 231 857 243	1700 2200	page_11_image_0.jpg
older	118 259 164 272	1700 2200	page_11_image_0.jpg
than	170 259 209 272	1700 2200	page_11_image_0.jpg
Blue	215 258 258 272	1700 2200	page_11_image_0.jpg
will	264 258 299 272	1700 2200	page_11_image_0.jpg
be	305 259 326 271	1700 2200	page_11_image_0.jpg
at	332 261 349 272	1700 2200	page_11_image_0.jpg
the	354 259 382 272	1700 2200	page_11_image_0.jpg
time	388 259 428 271	1700 2200	page_11_image_0.jpg
when	434 259 484 272	1700 2200	page_11_image_0.jpg
Yellow	490 259 556 272	1700 2200	page_11_image_0.jpg
will	562 258 598 272	1700 2200	page_11_image_0.jpg
be	604 259 625 271	1700 2200	page_11_image_0.jpg
five	632 258 666 271	1700 2200	page_11_image_0.jpg
times	672 258 722 272	1700 2200	page_11_image_0.jpg
as	728 262 746 272	1700 2200	page_11_image_0.jpg
old	753 258 781 272	1700 2200	page_11_image_0.jpg
as	787 262 806 272	1700 2200	page_11_image_0.jpg
Blue	812 258 855 272	1700 2200	page_11_image_0.jpg
will	118 291 152 304	1700 2200	page_11_image_0.jpg
be	159 291 179 304	1700 2200	page_11_image_0.jpg
2	185 291 196 304	1700 2200	page_11_image_0.jpg
years	202 295 250 307	1700 2200	page_11_image_0.jpg
from	257 291 301 304	1700 2200	page_11_image_0.jpg
now.	306 295 350 304	1700 2200	page_11_image_0.jpg
Ten	117 333 152 346	1700 2200	page_11_image_0.jpg
years	158 336 206 349	1700 2200	page_11_image_0.jpg
from	212 332 257 346	1700 2200	page_11_image_0.jpg
now	263 337 302 346	1700 2200	page_11_image_0.jpg
Blue	307 332 350 346	1700 2200	page_11_image_0.jpg
will	356 332 392 346	1700 2200	page_11_image_0.jpg
be	398 333 419 346	1700 2200	page_11_image_0.jpg
twice	425 333 474 346	1700 2200	page_11_image_0.jpg
as	480 336 499 346	1700 2200	page_11_image_0.jpg
old	505 333 534 346	1700 2200	page_11_image_0.jpg
as	540 337 559 346	1700 2200	page_11_image_0.jpg
Green	565 333 620 346	1700 2200	page_11_image_0.jpg
was	626 337 661 346	1700 2200	page_11_image_0.jpg
when	667 333 717 346	1700 2200	page_11_image_0.jpg
Yellow	723 333 790 346	1700 2200	page_11_image_0.jpg
was	795 337 831 346	1700 2200	page_11_image_0.jpg
nine	837 333 876 346	1700 2200	page_11_image_0.jpg
times	118 365 166 378	1700 2200	page_11_image_0.jpg
as	172 369 191 378	1700 2200	page_11_image_0.jpg
old	197 365 226 378	1700 2200	page_11_image_0.jpg
as	232 369 250 378	1700 2200	page_11_image_0.jpg
Blue.	257 365 304 378	1700 2200	page_11_image_0.jpg
When	118 407 171 419	1700 2200	page_11_image_0.jpg
Blue	178 406 220 419	1700 2200	page_11_image_0.jpg
was	226 410 261 419	1700 2200	page_11_image_0.jpg
one	267 410 300 419	1700 2200	page_11_image_0.jpg
year	306 410 346 423	1700 2200	page_11_image_0.jpg
old,	352 406 385 422	1700 2200	page_11_image_0.jpg
Yellow	393 406 459 419	1700 2200	page_11_image_0.jpg
was	465 411 500 419	1700 2200	page_11_image_0.jpg
three	506 406 552 419	1700 2200	page_11_image_0.jpg
years	558 410 605 423	1700 2200	page_11_image_0.jpg
older	611 406 659 419	1700 2200	page_11_image_0.jpg
than	664 406 703 419	1700 2200	page_11_image_0.jpg
Blue	709 406 752 419	1700 2200	page_11_image_0.jpg
will	758 406 793 419	1700 2200	page_11_image_0.jpg
be	800 406 821 419	1700 2200	page_11_image_0.jpg
when	826 406 876 419	1700 2200	page_11_image_0.jpg
Green	118 439 172 452	1700 2200	page_11_image_0.jpg
is	179 439 193 452	1700 2200	page_11_image_0.jpg
three	200 439 245 451	1700 2200	page_11_image_0.jpg
times	251 438 300 452	1700 2200	page_11_image_0.jpg
as	306 443 324 452	1700 2200	page_11_image_0.jpg
old	331 438 360 452	1700 2200	page_11_image_0.jpg
as	367 442 384 452	1700 2200	page_11_image_0.jpg
Yellow	391 439 458 452	1700 2200	page_11_image_0.jpg
was	464 443 498 452	1700 2200	page_11_image_0.jpg
six	505 439 531 452	1700 2200	page_11_image_0.jpg
years	537 442 585 455	1700 2200	page_11_image_0.jpg
before	591 438 649 452	1700 2200	page_11_image_0.jpg
the	655 439 683 452	1700 2200	page_11_image_0.jpg
time	689 439 729 451	1700 2200	page_11_image_0.jpg
when	117 481 166 493	1700 2200	page_11_image_0.jpg
Green	172 480 228 493	1700 2200	page_11_image_0.jpg
was	234 484 269 493	1700 2200	page_11_image_0.jpg
half	275 480 313 493	1700 2200	page_11_image_0.jpg
as	316 484 335 493	1700 2200	page_11_image_0.jpg
old	341 480 370 493	1700 2200	page_11_image_0.jpg
as	376 484 394 493	1700 2200	page_11_image_0.jpg
Blue	401 481 444 493	1700 2200	page_11_image_0.jpg
will	449 480 485 493	1700 2200	page_11_image_0.jpg
be	491 480 512 493	1700 2200	page_11_image_0.jpg
when	518 480 567 493	1700 2200	page_11_image_0.jpg
Yellow	574 480 640 493	1700 2200	page_11_image_0.jpg
will	646 480 681 493	1700 2200	page_11_image_0.jpg
be	688 481 709 493	1700 2200	page_11_image_0.jpg
ten	715 482 742 493	1700 2200	page_11_image_0.jpg
years	748 484 796 497	1700 2200	page_11_image_0.jpg
older	802 480 850 493	1700 2200	page_11_image_0.jpg
than	117 513 157 526	1700 2200	page_11_image_0.jpg
Yellow	162 512 229 526	1700 2200	page_11_image_0.jpg
was	235 517 270 526	1700 2200	page_11_image_0.jpg
when	276 513 326 526	1700 2200	page_11_image_0.jpg
Green	332 513 387 526	1700 2200	page_11_image_0.jpg
was	393 517 428 526	1700 2200	page_11_image_0.jpg
1/3	437 512 462 526	1700 2200	page_11_image_0.jpg
rd	469 513 488 526	1700 2200	page_11_image_0.jpg
as	494 517 513 526	1700 2200	page_11_image_0.jpg
old	519 513 548 526	1700 2200	page_11_image_0.jpg
as	554 517 572 526	1700 2200	page_11_image_0.jpg
Blue	578 512 621 526	1700 2200	page_11_image_0.jpg
will	627 512 662 526	1700 2200	page_11_image_0.jpg
be	669 513 690 526	1700 2200	page_11_image_0.jpg
when	696 513 746 526	1700 2200	page_11_image_0.jpg
Yellow	752 513 818 526	1700 2200	page_11_image_0.jpg
will	824 512 860 526	1700 2200	page_11_image_0.jpg
be	118 545 139 558	1700 2200	page_11_image_0.jpg
three	144 545 189 558	1700 2200	page_11_image_0.jpg
times	196 545 244 558	1700 2200	page_11_image_0.jpg
as	251 549 269 558	1700 2200	page_11_image_0.jpg
old	276 545 305 558	1700 2200	page_11_image_0.jpg
as	311 549 329 558	1700 2200	page_11_image_0.jpg
she	336 545 365 558	1700 2200	page_11_image_0.jpg
was	371 549 407 558	1700 2200	page_11_image_0.jpg
when	412 545 462 558	1700 2200	page_11_image_0.jpg
Green	468 545 524 558	1700 2200	page_11_image_0.jpg
was	529 549 564 558	1700 2200	page_11_image_0.jpg
born.	571 545 617 558	1700 2200	page_11_image_0.jpg
20)	117 586 146 603	1700 2200	page_11_image_0.jpg
How	153 587 199 599	1700 2200	page_11_image_0.jpg
old	205 587 235 599	1700 2200	page_11_image_0.jpg
is	241 587 256 599	1700 2200	page_11_image_0.jpg
Blue?	262 586 316 599	1700 2200	page_11_image_0.jpg
a)	117 628 134 644	1700 2200	page_11_image_0.jpg
4	140 628 152 641	1700 2200	page_11_image_0.jpg
b)	116 670 135 686	1700 2200	page_11_image_0.jpg
6	142 670 153 683	1700 2200	page_11_image_0.jpg
c)	117 712 134 728	1700 2200	page_11_image_0.jpg
2	140 712 151 724	1700 2200	page_11_image_0.jpg
d)	118 753 135 770	1700 2200	page_11_image_0.jpg
none	142 757 186 766	1700 2200	page_11_image_0.jpg
of	192 753 213 766	1700 2200	page_11_image_0.jpg
these	216 753 264 766	1700 2200	page_11_image_0.jpg
21)	117 795 146 811	1700 2200	page_11_image_0.jpg
How	153 795 199 808	1700 2200	page_11_image_0.jpg
old	205 795 235 808	1700 2200	page_11_image_0.jpg
will	241 795 276 808	1700 2200	page_11_image_0.jpg
Green	282 795 342 808	1700 2200	page_11_image_0.jpg
be	349 795 371 808	1700 2200	page_11_image_0.jpg
10	379 795 400 808	1700 2200	page_11_image_0.jpg
years	406 798 458 811	1700 2200	page_11_image_0.jpg
from	464 795 512 808	1700 2200	page_11_image_0.jpg
now?	518 795 568 808	1700 2200	page_11_image_0.jpg
a)	117 837 134 853	1700 2200	page_11_image_0.jpg
17	142 837 163 849	1700 2200	page_11_image_0.jpg

FRESHERS	781 132 839 140	1700 2200	page_10_image_0.jpg
NOW	843 132 876 140	1700 2200	page_10_image_0.jpg
c)Ariya	117 227 186 243	1700 2200	page_10_image_0.jpg
d)None	117 268 186 285	1700 2200	page_10_image_0.jpg
of	192 268 213 281	1700 2200	page_10_image_0.jpg
these	216 268 263 281	1700 2200	page_10_image_0.jpg
18)	119 310 147 327	1700 2200	page_10_image_0.jpg
If	153 310 172 323	1700 2200	page_10_image_0.jpg
a	176 314 187 323	1700 2200	page_10_image_0.jpg
boy	193 310 228 327	1700 2200	page_10_image_0.jpg
walks	234 310 290 323	1700 2200	page_10_image_0.jpg
from	296 310 343 323	1700 2200	page_10_image_0.jpg
Binoy,	350 310 412 327	1700 2200	page_10_image_0.jpg
meets	418 311 473 323	1700 2200	page_10_image_0.jpg
Shama	480 310 547 323	1700 2200	page_10_image_0.jpg
followed	552 310 634 323	1700 2200	page_10_image_0.jpg
by	641 310 665 327	1700 2200	page_10_image_0.jpg
Amita,	670 310 737 325	1700 2200	page_10_image_0.jpg
Ariya	743 310 799 326	1700 2200	page_10_image_0.jpg
and	805 310 841 323	1700 2200	page_10_image_0.jpg
then	117 342 159 355	1700 2200	page_10_image_0.jpg
Payal,	166 342 226 359	1700 2200	page_10_image_0.jpg
how	232 342 273 355	1700 2200	page_10_image_0.jpg
many	278 346 333 359	1700 2200	page_10_image_0.jpg
metres	339 343 404 355	1700 2200	page_10_image_0.jpg
has	410 342 443 355	1700 2200	page_10_image_0.jpg
he	449 342 472 355	1700 2200	page_10_image_0.jpg
walked	478 342 547 355	1700 2200	page_10_image_0.jpg
if	553 342 569 355	1700 2200	page_10_image_0.jpg
he	574 342 595 355	1700 2200	page_10_image_0.jpg
has	602 342 634 355	1700 2200	page_10_image_0.jpg
travelled	640 342 725 355	1700 2200	page_10_image_0.jpg
the	732 342 763 355	1700 2200	page_10_image_0.jpg
straight	768 342 845 359	1700 2200	page_10_image_0.jpg
distance	117 374 197 388	1700 2200	page_10_image_0.jpg
all	203 375 226 388	1700 2200	page_10_image_0.jpg
through?	232 375 321 391	1700 2200	page_10_image_0.jpg
a)	117 416 134 432	1700 2200	page_10_image_0.jpg
215	140 416 173 429	1700 2200	page_10_image_0.jpg
metres	181 418 241 429	1700 2200	page_10_image_0.jpg
b)	117 458 136 474	1700 2200	page_10_image_0.jpg
185	138 458 169 471	1700 2200	page_10_image_0.jpg
metres	176 460 236 471	1700 2200	page_10_image_0.jpg
c)	117 499 135 516	1700 2200	page_10_image_0.jpg
155	142 500 173 513	1700 2200	page_10_image_0.jpg
metres	180 502 241 513	1700 2200	page_10_image_0.jpg
d)	117 541 136 557	1700 2200	page_10_image_0.jpg
245	142 541 175 554	1700 2200	page_10_image_0.jpg
metres	182 543 242 554	1700 2200	page_10_image_0.jpg
19)	118 582 147 599	1700 2200	page_10_image_0.jpg
Who	153 583 200 596	1700 2200	page_10_image_0.jpg
is	206 583 221 596	1700 2200	page_10_image_0.jpg
to	227 584 245 596	1700 2200	page_10_image_0.jpg
the	251 583 282 596	1700 2200	page_10_image_0.jpg
south	288 583 341 596	1700 2200	page_10_image_0.jpg
of	347 583 368 596	1700 2200	page_10_image_0.jpg
the	371 583 402 596	1700 2200	page_10_image_0.jpg
person	408 586 474 599	1700 2200	page_10_image_0.jpg
who	479 583 520 596	1700 2200	page_10_image_0.jpg
is	526 583 541 596	1700 2200	page_10_image_0.jpg
to	547 584 565 596	1700 2200	page_10_image_0.jpg
the	572 583 602 596	1700 2200	page_10_image_0.jpg
north-east	608 583 708 596	1700 2200	page_10_image_0.jpg
of	714 583 735 596	1700 2200	page_10_image_0.jpg
Shama?	738 583 816 596	1700 2200	page_10_image_0.jpg
a)	117 625 134 641	1700 2200	page_10_image_0.jpg
Ariya	140 624 192 641	1700 2200	page_10_image_0.jpg
b)	117 666 135 682	1700 2200	page_10_image_0.jpg
Binoy	142 666 197 682	1700 2200	page_10_image_0.jpg
c)	118 708 135 724	1700 2200	page_10_image_0.jpg
Amita	140 708 197 721	1700 2200	page_10_image_0.jpg
d)	118 749 135 766	1700 2200	page_10_image_0.jpg
both	142 749 182 763	1700 2200	page_10_image_0.jpg
a	188 753 198 763	1700 2200	page_10_image_0.jpg
&c	204 750 232 763	1700 2200	page_10_image_0.jpg
CASELET	118 791 223 804	1700 2200	page_10_image_0.jpg
5	230 792 241 804	1700 2200	page_10_image_0.jpg

FRESHERS	781 132 840 140	1700 2200	page_9_image_0.jpg
NOW	843 132 876 140	1700 2200	page_9_image_0.jpg
16)	119 226 146 243	1700 2200	page_9_image_0.jpg
If	153 227 172 240	1700 2200	page_9_image_0.jpg
the	176 227 206 240	1700 2200	page_9_image_0.jpg
expenditure	212 227 329 244	1700 2200	page_9_image_0.jpg
of	335 227 355 240	1700 2200	page_9_image_0.jpg
C	360 227 375 240	1700 2200	page_9_image_0.jpg
is	381 227 396 240	1700 2200	page_9_image_0.jpg
growing	402 227 482 244	1700 2200	page_9_image_0.jpg
at	488 228 507 240	1700 2200	page_9_image_0.jpg
the	513 227 543 240	1700 2200	page_9_image_0.jpg
rate	549 228 588 240	1700 2200	page_9_image_0.jpg
of	594 227 615 240	1700 2200	page_9_image_0.jpg
10%	620 227 663 240	1700 2200	page_9_image_0.jpg
per	670 231 703 243	1700 2200	page_9_image_0.jpg
annum,	709 231 782 243	1700 2200	page_9_image_0.jpg
what	789 227 837 240	1700 2200	page_9_image_0.jpg
is	842 227 857 240	1700 2200	page_9_image_0.jpg
the	117 259 147 272	1700 2200	page_9_image_0.jpg
profit	153 259 209 275	1700 2200	page_9_image_0.jpg
percentage	215 260 321 275	1700 2200	page_9_image_0.jpg
in	327 259 346 272	1700 2200	page_9_image_0.jpg
2000	352 259 397 272	1700 2200	page_9_image_0.jpg
(Assume	404 259 487 275	1700 2200	page_9_image_0.jpg
profit	493 258 549 275	1700 2200	page_9_image_0.jpg
=25%)?	554 258 630 275	1700 2200	page_9_image_0.jpg
a)	118 301 134 317	1700 2200	page_9_image_0.jpg
404%	140 300 193 314	1700 2200	page_9_image_0.jpg
b)	118 342 135 359	1700 2200	page_9_image_0.jpg
304%	142 342 194 356	1700 2200	page_9_image_0.jpg
c)	117 383 134 400	1700 2200	page_9_image_0.jpg
379%	140 384 193 397	1700 2200	page_9_image_0.jpg
d)	118 426 135 442	1700 2200	page_9_image_0.jpg
275%	142 426 194 439	1700 2200	page_9_image_0.jpg
CASELET	118 467 224 480	1700 2200	page_9_image_0.jpg
4	229 467 241 480	1700 2200	page_9_image_0.jpg
On	118 509 145 522	1700 2200	page_9_image_0.jpg
a	151 512 161 522	1700 2200	page_9_image_0.jpg
playing	166 509 235 525	1700 2200	page_9_image_0.jpg
ground,	241 509 310 525	1700 2200	page_9_image_0.jpg
Ariya,	317 509 374 525	1700 2200	page_9_image_0.jpg
Amita,	380 509 443 524	1700 2200	page_9_image_0.jpg
Binoy,	449 509 510 525	1700 2200	page_9_image_0.jpg
Shama	517 508 579 522	1700 2200	page_9_image_0.jpg
and	584 509 617 522	1700 2200	page_9_image_0.jpg
Payal	623 509 673 525	1700 2200	page_9_image_0.jpg
are	680 512 707 522	1700 2200	page_9_image_0.jpg
standing	714 509 790 525	1700 2200	page_9_image_0.jpg
as	796 512 815 522	1700 2200	page_9_image_0.jpg
described	118 541 204 554	1700 2200	page_9_image_0.jpg
below	210 541 266 554	1700 2200	page_9_image_0.jpg
facing	273 541 329 557	1700 2200	page_9_image_0.jpg
the	335 541 362 554	1700 2200	page_9_image_0.jpg
North.	368 541 426 554	1700 2200	page_9_image_0.jpg
(i)	118 583 138 599	1700 2200	page_9_image_0.jpg
Amita	145 583 201 596	1700 2200	page_9_image_0.jpg
is	208 582 222 596	1700 2200	page_9_image_0.jpg
40	228 583 251 596	1700 2200	page_9_image_0.jpg
metres	257 584 317 596	1700 2200	page_9_image_0.jpg
to	323 585 341 596	1700 2200	page_9_image_0.jpg
the	346 583 374 596	1700 2200	page_9_image_0.jpg
right	380 583 424 599	1700 2200	page_9_image_0.jpg
of	430 583 451 596	1700 2200	page_9_image_0.jpg
Shama.	455 583 521 596	1700 2200	page_9_image_0.jpg
(ii)	118 624 144 641	1700 2200	page_9_image_0.jpg
Ariya	151 624 203 641	1700 2200	page_9_image_0.jpg
is	209 624 224 638	1700 2200	page_9_image_0.jpg
60	230 625 252 638	1700 2200	page_9_image_0.jpg
metres	258 626 319 638	1700 2200	page_9_image_0.jpg
to	324 626 342 638	1700 2200	page_9_image_0.jpg
the	348 625 376 638	1700 2200	page_9_image_0.jpg
south	382 625 431 638	1700 2200	page_9_image_0.jpg
of	438 624 458 638	1700 2200	page_9_image_0.jpg
Amita.	462 624 523 638	1700 2200	page_9_image_0.jpg
(iii)	118 666 151 682	1700 2200	page_9_image_0.jpg
Binoy	157 666 213 683	1700 2200	page_9_image_0.jpg
is	219 666 234 679	1700 2200	page_9_image_0.jpg
25	240 666 261 679	1700 2200	page_9_image_0.jpg
metres	268 668 329 679	1700 2200	page_9_image_0.jpg
to	335 668 353 679	1700 2200	page_9_image_0.jpg
the	358 666 386 679	1700 2200	page_9_image_0.jpg
west	392 668 434 679	1700 2200	page_9_image_0.jpg
of	440 666 460 679	1700 2200	page_9_image_0.jpg
Shama.	465 666 531 679	1700 2200	page_9_image_0.jpg
(iv)	118 707 149 725	1700 2200	page_9_image_0.jpg
Payal	156 707 206 724	1700 2200	page_9_image_0.jpg
is	212 707 227 721	1700 2200	page_9_image_0.jpg
90	233 708 255 721	1700 2200	page_9_image_0.jpg
metres	262 710 322 721	1700 2200	page_9_image_0.jpg
to	328 709 346 721	1700 2200	page_9_image_0.jpg
the	352 708 380 721	1700 2200	page_9_image_0.jpg
north	386 708 434 721	1700 2200	page_9_image_0.jpg
of	440 707 461 721	1700 2200	page_9_image_0.jpg
Ariya.	464 708 520 724	1700 2200	page_9_image_0.jpg
17)	119 750 146 766	1700 2200	page_9_image_0.jpg
Who	153 750 200 763	1700 2200	page_9_image_0.jpg
is	206 750 221 763	1700 2200	page_9_image_0.jpg
to	227 751 245 763	1700 2200	page_9_image_0.jpg
the	252 750 282 763	1700 2200	page_9_image_0.jpg
north-east	288 750 389 763	1700 2200	page_9_image_0.jpg
of	394 749 415 763	1700 2200	page_9_image_0.jpg
the	419 750 449 763	1700 2200	page_9_image_0.jpg
person	455 753 520 766	1700 2200	page_9_image_0.jpg
who	526 750 567 763	1700 2200	page_9_image_0.jpg
is	573 750 587 763	1700 2200	page_9_image_0.jpg
to	594 751 612 763	1700 2200	page_9_image_0.jpg
the	618 750 649 763	1700 2200	page_9_image_0.jpg
left	655 750 687 763	1700 2200	page_9_image_0.jpg
of	693 749 713 763	1700 2200	page_9_image_0.jpg
Amita	717 750 777 763	1700 2200	page_9_image_0.jpg
?	784 750 794 763	1700 2200	page_9_image_0.jpg
a)	118 791 134 807	1700 2200	page_9_image_0.jpg
Binoy	140 791 196 807	1700 2200	page_9_image_0.jpg
b)Shama	119 833 198 849	1700 2200	page_9_image_0.jpg

FRESHERS	781 132 840 140	1700 2200	page_8_image_0.jpg
NOW	844 132 876 140	1700 2200	page_8_image_0.jpg
Turf	267 247 298 258	1700 2200	page_8_image_0.jpg
Bros	165 262 199 273	1700 2200	page_8_image_0.jpg
18%	266 264 299 275	1700 2200	page_8_image_0.jpg
30%	165 280 198 291	1700 2200	page_8_image_0.jpg
Seel	313 321 344 332	1700 2200	page_8_image_0.jpg
22%	311 339 345 350	1700 2200	page_8_image_0.jpg
Fale	173 352 204 364	1700 2200	page_8_image_0.jpg
16%	171 371 204 381	1700 2200	page_8_image_0.jpg
Fin	245 370 267 380	1700 2200	page_8_image_0.jpg
14%	240 387 272 398	1700 2200	page_8_image_0.jpg
Product	118 441 189 453	1700 2200	page_8_image_0.jpg
share	194 441 242 453	1700 2200	page_8_image_0.jpg
of	248 440 269 453	1700 2200	page_8_image_0.jpg
sales	273 441 317 454	1700 2200	page_8_image_0.jpg
turnover	322 442 401 453	1700 2200	page_8_image_0.jpg
for	407 440 433 453	1700 2200	page_8_image_0.jpg
A	439 441 455 453	1700 2200	page_8_image_0.jpg
in	461 440 479 454	1700 2200	page_8_image_0.jpg
1990	486 441 530 454	1700 2200	page_8_image_0.jpg
14)	118 482 147 499	1700 2200	page_8_image_0.jpg
What	153 482 208 495	1700 2200	page_8_image_0.jpg
is	214 482 228 495	1700 2200	page_8_image_0.jpg
the	235 482 265 495	1700 2200	page_8_image_0.jpg
market	272 482 342 495	1700 2200	page_8_image_0.jpg
share	347 482 401 495	1700 2200	page_8_image_0.jpg
of	407 482 427 495	1700 2200	page_8_image_0.jpg
Bros	432 482 477 495	1700 2200	page_8_image_0.jpg
in	483 483 501 495	1700 2200	page_8_image_0.jpg
the	507 483 538 495	1700 2200	page_8_image_0.jpg
market	544 483 615 495	1700 2200	page_8_image_0.jpg
in	621 482 639 495	1700 2200	page_8_image_0.jpg
1999?	647 482 701 495	1700 2200	page_8_image_0.jpg
a)	117 524 135 541	1700 2200	page_8_image_0.jpg
7.5%	140 524 188 537	1700 2200	page_8_image_0.jpg
b)	117 565 135 582	1700 2200	page_8_image_0.jpg
12%	144 565 183 579	1700 2200	page_8_image_0.jpg
c)	118 608 134 624	1700 2200	page_8_image_0.jpg
9%	140 607 171 621	1700 2200	page_8_image_0.jpg
d)	118 649 136 666	1700 2200	page_8_image_0.jpg
cannot	142 651 203 662	1700 2200	page_8_image_0.jpg
be	208 649 230 662	1700 2200	page_8_image_0.jpg
determined	236 649 338 662	1700 2200	page_8_image_0.jpg
15)	119 691 147 707	1700 2200	page_8_image_0.jpg
Which	153 691 218 704	1700 2200	page_8_image_0.jpg
company	224 694 313 707	1700 2200	page_8_image_0.jpg
has	319 691 351 704	1700 2200	page_8_image_0.jpg
the	357 691 387 703	1700 2200	page_8_image_0.jpg
highest	394 691 464 707	1700 2200	page_8_image_0.jpg
profit	469 691 525 707	1700 2200	page_8_image_0.jpg
percentage	531 692 637 708	1700 2200	page_8_image_0.jpg
in	643 691 662 703	1700 2200	page_8_image_0.jpg
2000?	668 690 724 704	1700 2200	page_8_image_0.jpg
a)A	118 732 151 749	1700 2200	page_8_image_0.jpg
b)	117 774 136 790	1700 2200	page_8_image_0.jpg
B	142 774 157 787	1700 2200	page_8_image_0.jpg
c)	117 816 134 832	1700 2200	page_8_image_0.jpg
C	140 816 155 828	1700 2200	page_8_image_0.jpg
d)	118 857 136 874	1700 2200	page_8_image_0.jpg
cannot	142 859 203 870	1700 2200	page_8_image_0.jpg
be	208 857 230 870	1700 2200	page_8_image_0.jpg
determined	236 857 338 870	1700 2200	page_8_image_0.jpg

FRESHERS	782 132 840 140	1700 2200	page_7_image_0.jpg
NOW	844 131 876 140	1700 2200	page_7_image_0.jpg
c)	117 227 134 243	1700 2200	page_7_image_0.jpg
C	141 227 156 239	1700 2200	page_7_image_0.jpg
d)	118 268 135 285	1700 2200	page_7_image_0.jpg
Others	142 268 202 282	1700 2200	page_7_image_0.jpg
12)	118 310 147 326	1700 2200	page_7_image_0.jpg
If	153 310 171 323	1700 2200	page_7_image_0.jpg
each	176 310 220 323	1700 2200	page_7_image_0.jpg
company	226 314 315 327	1700 2200	page_7_image_0.jpg
increases	320 310 409 323	1700 2200	page_7_image_0.jpg
its	415 310 437 323	1700 2200	page_7_image_0.jpg
sales	443 310 489 323	1700 2200	page_7_image_0.jpg
value	495 310 547 323	1700 2200	page_7_image_0.jpg
by	553 310 576 326	1700 2200	page_7_image_0.jpg
10%,	584 310 633 326	1700 2200	page_7_image_0.jpg
then	640 310 683 323	1700 2200	page_7_image_0.jpg
what	688 310 737 323	1700 2200	page_7_image_0.jpg
is	743 310 757 323	1700 2200	page_7_image_0.jpg
the	763 310 792 324	1700 2200	page_7_image_0.jpg
percentage	118 343 224 359	1700 2200	page_7_image_0.jpg
growth	230 342 299 359	1700 2200	page_7_image_0.jpg
of	305 342 326 355	1700 2200	page_7_image_0.jpg
the	330 342 360 355	1700 2200	page_7_image_0.jpg
detergent	367 342 458 359	1700 2200	page_7_image_0.jpg
market?	465 342 546 355	1700 2200	page_7_image_0.jpg
a)	117 383 134 400	1700 2200	page_7_image_0.jpg
10%	142 383 182 397	1700 2200	page_7_image_0.jpg
b)	117 425 135 442	1700 2200	page_7_image_0.jpg
20%	142 426 183 439	1700 2200	page_7_image_0.jpg
c)	118 467 134 484	1700 2200	page_7_image_0.jpg
30%	140 467 182 481	1700 2200	page_7_image_0.jpg
d)	118 508 135 525	1700 2200	page_7_image_0.jpg
8%	143 508 172 522	1700 2200	page_7_image_0.jpg
13)	118 551 147 567	1700 2200	page_7_image_0.jpg
If	153 551 171 564	1700 2200	page_7_image_0.jpg
the	176 551 206 564	1700 2200	page_7_image_0.jpg
total	211 551 256 564	1700 2200	page_7_image_0.jpg
sales	262 551 307 564	1700 2200	page_7_image_0.jpg
of	314 551 334 564	1700 2200	page_7_image_0.jpg
the	338 551 369 564	1700 2200	page_7_image_0.jpg
market	375 551 446 563	1700 2200	page_7_image_0.jpg
is	451 551 466 564	1700 2200	page_7_image_0.jpg
doubled	472 551 550 564	1700 2200	page_7_image_0.jpg
for	557 551 586 564	1700 2200	page_7_image_0.jpg
1999	593 550 636 564	1700 2200	page_7_image_0.jpg
and	644 551 678 563	1700 2200	page_7_image_0.jpg
2000,	685 550 735 566	1700 2200	page_7_image_0.jpg
what	742 551 791 563	1700 2200	page_7_image_0.jpg
would	796 551 856 564	1700 2200	page_7_image_0.jpg
be	118 583 140 596	1700 2200	page_7_image_0.jpg
the	146 583 176 596	1700 2200	page_7_image_0.jpg
ratio	182 583 228 596	1700 2200	page_7_image_0.jpg
of	235 583 255 596	1700 2200	page_7_image_0.jpg
sales	259 583 305 596	1700 2200	page_7_image_0.jpg
of	311 583 331 596	1700 2200	page_7_image_0.jpg
D	335 583 352 596	1700 2200	page_7_image_0.jpg
for	358 583 387 596	1700 2200	page_7_image_0.jpg
2000	392 583 437 596	1700 2200	page_7_image_0.jpg
to	444 584 462 596	1700 2200	page_7_image_0.jpg
1999?	470 583 524 596	1700 2200	page_7_image_0.jpg
a)	117 624 134 641	1700 2200	page_7_image_0.jpg
2:1	140 624 167 638	1700 2200	page_7_image_0.jpg
b)	117 666 135 682	1700 2200	page_7_image_0.jpg
3:4	142 666 171 679	1700 2200	page_7_image_0.jpg
c)	117 708 134 724	1700 2200	page_7_image_0.jpg
15:8	142 708 180 721	1700 2200	page_7_image_0.jpg
d)	118 749 136 766	1700 2200	page_7_image_0.jpg
10:3	144 750 181 763	1700 2200	page_7_image_0.jpg
Additional	117 791 221 804	1700 2200	page_7_image_0.jpg
data	227 791 270 804	1700 2200	page_7_image_0.jpg
for	275 791 305 804	1700 2200	page_7_image_0.jpg
questions	311 791 402 808	1700 2200	page_7_image_0.jpg
14	409 791 431 804	1700 2200	page_7_image_0.jpg
to	437 792 455 804	1700 2200	page_7_image_0.jpg
16	462 791 484 804	1700 2200	page_7_image_0.jpg

FRESHERS	782 132 840 140	1700 2200	page_6_image_0.jpg
NOW	844 132 876 140	1700 2200	page_6_image_0.jpg
b)	116 227 135 243	1700 2200	page_6_image_0.jpg
8	143 227 153 240	1700 2200	page_6_image_0.jpg
c)	117 268 134 284	1700 2200	page_6_image_0.jpg
4	140 268 152 281	1700 2200	page_6_image_0.jpg
d)	118 310 136 326	1700 2200	page_6_image_0.jpg
10	144 310 164 323	1700 2200	page_6_image_0.jpg
CASELET	117 352 224 365	1700 2200	page_6_image_0.jpg
3	230 352 240 365	1700 2200	page_6_image_0.jpg
The	117 393 152 406	1700 2200	page_6_image_0.jpg
two	158 395 192 406	1700 2200	page_6_image_0.jpg
pie	198 393 226 410	1700 2200	page_6_image_0.jpg
charts	232 393 287 406	1700 2200	page_6_image_0.jpg
below	292 393 348 406	1700 2200	page_6_image_0.jpg
show	354 393 402 406	1700 2200	page_6_image_0.jpg
the	408 393 436 406	1700 2200	page_6_image_0.jpg
percentage	442 395 541 410	1700 2200	page_6_image_0.jpg
market	546 393 610 406	1700 2200	page_6_image_0.jpg
share	616 393 663 406	1700 2200	page_6_image_0.jpg
on	670 397 693 406	1700 2200	page_6_image_0.jpg
value	698 393 748 406	1700 2200	page_6_image_0.jpg
basis	753 393 799 406	1700 2200	page_6_image_0.jpg
of	805 393 826 406	1700 2200	page_6_image_0.jpg
the	830 393 858 406	1700 2200	page_6_image_0.jpg
companies	117 426 215 442	1700 2200	page_6_image_0.jpg
A	220 426 237 438	1700 2200	page_6_image_0.jpg
to	242 427 261 438	1700 2200	page_6_image_0.jpg
D	266 426 282 438	1700 2200	page_6_image_0.jpg
and	289 426 321 439	1700 2200	page_6_image_0.jpg
others	328 426 383 439	1700 2200	page_6_image_0.jpg
in	389 425 406 438	1700 2200	page_6_image_0.jpg
a	412 430 422 439	1700 2200	page_6_image_0.jpg
sectorial	429 425 505 439	1700 2200	page_6_image_0.jpg
market	511 425 575 438	1700 2200	page_6_image_0.jpg
for	581 425 608 439	1700 2200	page_6_image_0.jpg
1999	615 425 658 439	1700 2200	page_6_image_0.jpg
and	665 426 698 439	1700 2200	page_6_image_0.jpg
2000	703 426 749 438	1700 2200	page_6_image_0.jpg
Other	537 466 576 475	1700 2200	page_6_image_0.jpg
Othe	124 473 163 485	1700 2200	page_6_image_0.jpg
$	553 483 560 491	1700 2200	page_6_image_0.jpg
rs	136 496 152 504	1700 2200	page_6_image_0.jpg
D	196 500 207 512	1700 2200	page_6_image_0.jpg
10%	543 497 571 506	1700 2200	page_6_image_0.jpg
A	727 505 738 514	1700 2200	page_6_image_0.jpg
5%	131 511 155 522	1700 2200	page_6_image_0.jpg
15%	185 519 218 531	1700 2200	page_6_image_0.jpg
A	325 516 338 527	1700 2200	page_6_image_0.jpg
D	570 524 581 533	1700 2200	page_6_image_0.jpg
30%	719 520 748 530	1700 2200	page_6_image_0.jpg
40%	315 534 349 546	1700 2200	page_6_image_0.jpg
20%	560 539 589 549	1700 2200	page_6_image_0.jpg
C	171 567 183 578	1700 2200	page_6_image_0.jpg
20%	160 586 194 597	1700 2200	page_6_image_0.jpg
C	601 597 611 607	1700 2200	page_6_image_0.jpg
B	250 611 260 622	1700 2200	page_6_image_0.jpg
15%	592 612 620 622	1700 2200	page_6_image_0.jpg
8	696 611 704 620	1700 2200	page_6_image_0.jpg
20%	238 629 272 641	1700 2200	page_6_image_0.jpg
25%	686 626 715 636	1700 2200	page_6_image_0.jpg
FIGURE	117 700 199 713	1700 2200	page_6_image_0.jpg
1:	208 700 221 713	1700 2200	page_6_image_0.jpg
YEAR	230 700 291 713	1700 2200	page_6_image_0.jpg
1999	299 700 342 713	1700 2200	page_6_image_0.jpg
FIGURE	348 700 430 714	1700 2200	page_6_image_0.jpg
2	437 700 448 713	1700 2200	page_6_image_0.jpg
:	455 704 459 713	1700 2200	page_6_image_0.jpg
YEAR	466 700 528 713	1700 2200	page_6_image_0.jpg
2000	534 700 579 713	1700 2200	page_6_image_0.jpg
Market	117 742 183 755	1700 2200	page_6_image_0.jpg
size	189 742 225 755	1700 2200	page_6_image_0.jpg
1999=	233 742 289 755	1700 2200	page_6_image_0.jpg
150	297 742 329 755	1700 2200	page_6_image_0.jpg
crore	335 746 381 755	1700 2200	page_6_image_0.jpg
Market	388 742 453 755	1700 2200	page_6_image_0.jpg
size	459 742 495 755	1700 2200	page_6_image_0.jpg
2000=	501 742 559 755	1700 2200	page_6_image_0.jpg
375	564 742 598 755	1700 2200	page_6_image_0.jpg
crore	605 746 652 755	1700 2200	page_6_image_0.jpg
11)	118 783 147 800	1700 2200	page_6_image_0.jpg
Which	153 784 218 797	1700 2200	page_6_image_0.jpg
company	224 787 313 800	1700 2200	page_6_image_0.jpg
had	319 784 355 797	1700 2200	page_6_image_0.jpg
the	361 784 392 797	1700 2200	page_6_image_0.jpg
minimum	398 784 492 797	1700 2200	page_6_image_0.jpg
growth	498 784 567 800	1700 2200	page_6_image_0.jpg
in	574 784 593 797	1700 2200	page_6_image_0.jpg
sales	599 784 644 797	1700 2200	page_6_image_0.jpg
in	650 784 669 797	1700 2200	page_6_image_0.jpg
these	675 784 724 797	1700 2200	page_6_image_0.jpg
two	730 785 765 797	1700 2200	page_6_image_0.jpg
years?	772 784 833 800	1700 2200	page_6_image_0.jpg
a)	118 825 135 841	1700 2200	page_6_image_0.jpg
B	140 825 154 838	1700 2200	page_6_image_0.jpg
b)	118 867 136 883	1700 2200	page_6_image_0.jpg
A	142 867 159 880	1700 2200	page_6_image_0.jpg

FRESHERS	781 132 840 140	1700 2200	page_5_image_0.jpg
NOW	844 132 876 140	1700 2200	page_5_image_0.jpg
b)	117 227 136 243	1700 2200	page_5_image_0.jpg
Chetan	142 227 206 240	1700 2200	page_5_image_0.jpg
c)	117 268 134 285	1700 2200	page_5_image_0.jpg
Dilip	141 268 187 285	1700 2200	page_5_image_0.jpg
d)	117 310 136 327	1700 2200	page_5_image_0.jpg
Ehsaan	142 310 208 323	1700 2200	page_5_image_0.jpg
8)	118 352 136 368	1700 2200	page_5_image_0.jpg
Which	142 352 206 365	1700 2200	page_5_image_0.jpg
of	212 352 233 365	1700 2200	page_5_image_0.jpg
the	237 352 268 365	1700 2200	page_5_image_0.jpg
following	274 352 363 369	1700 2200	page_5_image_0.jpg
pairs	369 352 418 368	1700 2200	page_5_image_0.jpg
are	425 355 456 365	1700 2200	page_5_image_0.jpg
the	462 352 492 365	1700 2200	page_5_image_0.jpg
least	498 352 543 365	1700 2200	page_5_image_0.jpg
dissimilar	549 352 645 365	1700 2200	page_5_image_0.jpg
among	651 355 717 368	1700 2200	page_5_image_0.jpg
the	722 352 753 365	1700 2200	page_5_image_0.jpg
five?	759 352 804 365	1700 2200	page_5_image_0.jpg
a)	117 393 134 410	1700 2200	page_5_image_0.jpg
Dilip-Ehsaan	141 393 261 410	1700 2200	page_5_image_0.jpg
b)	117 434 136 451	1700 2200	page_5_image_0.jpg
Amit-	142 435 195 448	1700 2200	page_5_image_0.jpg
Chetan	202 435 267 448	1700 2200	page_5_image_0.jpg
c)	117 477 134 493	1700 2200	page_5_image_0.jpg
Chetan-Ehsaan	140 477 279 490	1700 2200	page_5_image_0.jpg
d)	117 518 136 535	1700 2200	page_5_image_0.jpg
Amit-	142 518 195 531	1700 2200	page_5_image_0.jpg
Ehsaan	200 518 268 531	1700 2200	page_5_image_0.jpg
9)	117 560 136 576	1700 2200	page_5_image_0.jpg
For	142 560 177 573	1700 2200	page_5_image_0.jpg
the	183 560 214 573	1700 2200	page_5_image_0.jpg
person	219 563 285 577	1700 2200	page_5_image_0.jpg
who's	291 560 348 573	1700 2200	page_5_image_0.jpg
second	354 560 419 573	1700 2200	page_5_image_0.jpg
preference	425 560 530 577	1700 2200	page_5_image_0.jpg
is	536 560 551 573	1700 2200	page_5_image_0.jpg
Rose,	557 560 609 575	1700 2200	page_5_image_0.jpg
what	615 560 664 573	1700 2200	page_5_image_0.jpg
is	669 560 684 573	1700 2200	page_5_image_0.jpg
the	690 560 721 573	1700 2200	page_5_image_0.jpg
level	726 560 770 573	1700 2200	page_5_image_0.jpg
of	777 560 797 573	1700 2200	page_5_image_0.jpg
dissimilarity	118 592 239 609	1700 2200	page_5_image_0.jpg
with	245 592 287 605	1700 2200	page_5_image_0.jpg
the	294 592 324 605	1700 2200	page_5_image_0.jpg
one	330 596 364 605	1700 2200	page_5_image_0.jpg
who's	370 592 427 605	1700 2200	page_5_image_0.jpg
fourth	433 592 495 605	1700 2200	page_5_image_0.jpg
preference	501 592 604 609	1700 2200	page_5_image_0.jpg
is	610 593 626 605	1700 2200	page_5_image_0.jpg
orchid?	632 592 705 605	1700 2200	page_5_image_0.jpg
a)	117 634 134 650	1700 2200	page_5_image_0.jpg
8	141 634 151 647	1700 2200	page_5_image_0.jpg
b)	117 675 136 692	1700 2200	page_5_image_0.jpg
6	142 675 153 689	1700 2200	page_5_image_0.jpg
c)	117 717 134 734	1700 2200	page_5_image_0.jpg
10	142 717 163 730	1700 2200	page_5_image_0.jpg
d)	118 758 136 775	1700 2200	page_5_image_0.jpg
12	144 758 164 772	1700 2200	page_5_image_0.jpg
10)	118 800 147 817	1700 2200	page_5_image_0.jpg
What	153 801 208 814	1700 2200	page_5_image_0.jpg
is	214 801 228 814	1700 2200	page_5_image_0.jpg
the	235 801 265 814	1700 2200	page_5_image_0.jpg
level	271 801 315 814	1700 2200	page_5_image_0.jpg
of	321 800 342 814	1700 2200	page_5_image_0.jpg
dissimilarity	346 801 467 817	1700 2200	page_5_image_0.jpg
between	474 801 553 814	1700 2200	page_5_image_0.jpg
Amit	559 801 609 814	1700 2200	page_5_image_0.jpg
and	615 801 651 814	1700 2200	page_5_image_0.jpg
Ehsaan?	657 800 739 813	1700 2200	page_5_image_0.jpg
a)	117 843 135 859	1700 2200	page_5_image_0.jpg
6	141 842 151 855	1700 2200	page_5_image_0.jpg

FRESHERS	781 132 839 140	1700 2200	page_4_image_0.jpg
NOW	843 132 876 140	1700 2200	page_4_image_0.jpg
Each	118 227 163 240	1700 2200	page_4_image_0.jpg
of	169 227 190 240	1700 2200	page_4_image_0.jpg
these	193 227 240 240	1700 2200	page_4_image_0.jpg
boys	246 227 289 243	1700 2200	page_4_image_0.jpg
has	295 227 325 240	1700 2200	page_4_image_0.jpg
a	331 231 341 240	1700 2200	page_4_image_0.jpg
preference	346 227 443 244	1700 2200	page_4_image_0.jpg
from	449 227 493 240	1700 2200	page_4_image_0.jpg
1	501 227 508 240	1700 2200	page_4_image_0.jpg
to	516 228 534 240	1700 2200	page_4_image_0.jpg
5	540 227 550 240	1700 2200	page_4_image_0.jpg
(1	557 227 574 243	1700 2200	page_4_image_0.jpg
being	581 226 632 243	1700 2200	page_4_image_0.jpg
first	638 226 675 240	1700 2200	page_4_image_0.jpg
preference,	681 226 782 244	1700 2200	page_4_image_0.jpg
it	788 226 801 240	1700 2200	page_4_image_0.jpg
is	807 226 822 240	1700 2200	page_4_image_0.jpg
given	828 227 878 243	1700 2200	page_4_image_0.jpg
the	117 259 145 272	1700 2200	page_4_image_0.jpg
first	151 258 188 272	1700 2200	page_4_image_0.jpg
rank)	193 258 241 275	1700 2200	page_4_image_0.jpg
of	247 258 268 272	1700 2200	page_4_image_0.jpg
flowers	273 258 340 272	1700 2200	page_4_image_0.jpg
among	346 262 408 275	1700 2200	page_4_image_0.jpg
orchid,	414 258 477 274	1700 2200	page_4_image_0.jpg
rose,	483 262 527 274	1700 2200	page_4_image_0.jpg
carnation,	534 259 623 274	1700 2200	page_4_image_0.jpg
gerbera	630 259 698 275	1700 2200	page_4_image_0.jpg
and	704 258 737 272	1700 2200	page_4_image_0.jpg
daffodil.	743 258 820 272	1700 2200	page_4_image_0.jpg
There	117 301 170 313	1700 2200	page_4_image_0.jpg
is	177 300 191 313	1700 2200	page_4_image_0.jpg
a	197 304 207 313	1700 2200	page_4_image_0.jpg
level	213 300 257 313	1700 2200	page_4_image_0.jpg
of	263 300 284 314	1700 2200	page_4_image_0.jpg
dissimilarity	288 300 402 317	1700 2200	page_4_image_0.jpg
between	408 301 484 314	1700 2200	page_4_image_0.jpg
the	489 301 517 313	1700 2200	page_4_image_0.jpg
five	523 300 558 313	1700 2200	page_4_image_0.jpg
boys	564 300 607 317	1700 2200	page_4_image_0.jpg
and	614 300 646 314	1700 2200	page_4_image_0.jpg
this	652 300 684 314	1700 2200	page_4_image_0.jpg
is	691 300 706 314	1700 2200	page_4_image_0.jpg
measured	712 301 799 314	1700 2200	page_4_image_0.jpg
as	805 304 824 314	1700 2200	page_4_image_0.jpg
the	830 301 858 313	1700 2200	page_4_image_0.jpg
sum	117 337 155 346	1700 2200	page_4_image_0.jpg
of	161 332 182 346	1700 2200	page_4_image_0.jpg
the	185 333 213 346	1700 2200	page_4_image_0.jpg
differences	219 332 321 346	1700 2200	page_4_image_0.jpg
in	327 333 344 346	1700 2200	page_4_image_0.jpg
the	350 333 378 346	1700 2200	page_4_image_0.jpg
ranks	383 333 433 346	1700 2200	page_4_image_0.jpg
assigned	439 333 517 349	1700 2200	page_4_image_0.jpg
by	523 332 546 349	1700 2200	page_4_image_0.jpg
them	552 333 597 346	1700 2200	page_4_image_0.jpg
to	603 335 620 346	1700 2200	page_4_image_0.jpg
each	627 333 669 346	1700 2200	page_4_image_0.jpg
of	674 332 696 346	1700 2200	page_4_image_0.jpg
these	699 333 746 346	1700 2200	page_4_image_0.jpg
5	752 333 762 346	1700 2200	page_4_image_0.jpg
flowers.	770 332 842 346	1700 2200	page_4_image_0.jpg
The	117 365 153 378	1700 2200	page_4_image_0.jpg
greater	159 367 222 382	1700 2200	page_4_image_0.jpg
this	227 365 260 378	1700 2200	page_4_image_0.jpg
difference,	266 365 364 381	1700 2200	page_4_image_0.jpg
the	370 365 398 378	1700 2200	page_4_image_0.jpg
more	404 369 451 378	1700 2200	page_4_image_0.jpg
dissimilar	457 365 547 378	1700 2200	page_4_image_0.jpg
the	552 365 580 378	1700 2200	page_4_image_0.jpg
persons.	586 369 660 382	1700 2200	page_4_image_0.jpg
The	117 406 152 419	1700 2200	page_4_image_0.jpg
following	158 406 247 423	1700 2200	page_4_image_0.jpg
table	253 406 298 419	1700 2200	page_4_image_0.jpg
indicates	303 406 384 420	1700 2200	page_4_image_0.jpg
the	390 406 418 419	1700 2200	page_4_image_0.jpg
preferences	424 406 529 423	1700 2200	page_4_image_0.jpg
of	535 406 556 419	1700 2200	page_4_image_0.jpg
each	560 406 601 419	1700 2200	page_4_image_0.jpg
of	607 406 628 419	1700 2200	page_4_image_0.jpg
these	632 406 678 419	1700 2200	page_4_image_0.jpg
five	684 406 719 419	1700 2200	page_4_image_0.jpg
boys	725 406 769 423	1700 2200	page_4_image_0.jpg
AMIT	242 453 284 463	1700 2200	page_4_image_0.jpg
BHUVAN	300 453 368 463	1700 2200	page_4_image_0.jpg
CHETAN	385 453 447 463	1700 2200	page_4_image_0.jpg
DILIP	463 453 502 463	1700 2200	page_4_image_0.jpg
EHSAAN	520 453 583 463	1700 2200	page_4_image_0.jpg
ORCHID	134 471 194 481	1700 2200	page_4_image_0.jpg
2	243 471 252 481	1700 2200	page_4_image_0.jpg
5	300 471 309 481	1700 2200	page_4_image_0.jpg
1	385 471 393 481	1700 2200	page_4_image_0.jpg
4	462 471 472 481	1700 2200	page_4_image_0.jpg
1	520 471 528 481	1700 2200	page_4_image_0.jpg
ROSE	134 489 173 499	1700 2200	page_4_image_0.jpg
4	242 489 251 498	1700 2200	page_4_image_0.jpg
2	301 488 309 499	1700 2200	page_4_image_0.jpg
3	385 488 394 499	1700 2200	page_4_image_0.jpg
3	464 489 472 499	1700 2200	page_4_image_0.jpg
3	520 488 529 499	1700 2200	page_4_image_0.jpg
CARNATION	133 507 226 517	1700 2200	page_4_image_0.jpg
3	243 507 251 517	1700 2200	page_4_image_0.jpg
1	300 507 308 517	1700 2200	page_4_image_0.jpg
4	384 507 393 516	1700 2200	page_4_image_0.jpg
2	464 507 472 517	1700 2200	page_4_image_0.jpg
2	520 507 529 517	1700 2200	page_4_image_0.jpg
GERBERA	134 524 204 534	1700 2200	page_4_image_0.jpg
5	242 524 251 534	1700 2200	page_4_image_0.jpg
4	299 524 309 534	1700 2200	page_4_image_0.jpg
5	384 524 394 534	1700 2200	page_4_image_0.jpg
1	463 524 471 534	1700 2200	page_4_image_0.jpg
4	519 524 529 534	1700 2200	page_4_image_0.jpg
DAFFODIL	134 542 209 552	1700 2200	page_4_image_0.jpg
1	242 542 251 553	1700 2200	page_4_image_0.jpg
3	300 542 309 553	1700 2200	page_4_image_0.jpg
2	385 542 394 552	1700 2200	page_4_image_0.jpg
5	463 542 472 553	1700 2200	page_4_image_0.jpg
5	519 542 529 553	1700 2200	page_4_image_0.jpg
6)	118 589 136 606	1700 2200	page_4_image_0.jpg
The	142 589 180 603	1700 2200	page_4_image_0.jpg
pair	185 590 226 606	1700 2200	page_4_image_0.jpg
of	232 589 252 603	1700 2200	page_4_image_0.jpg
persons	257 593 331 606	1700 2200	page_4_image_0.jpg
who	337 590 377 603	1700 2200	page_4_image_0.jpg
are	384 593 416 603	1700 2200	page_4_image_0.jpg
the	421 590 452 603	1700 2200	page_4_image_0.jpg
most	457 591 504 603	1700 2200	page_4_image_0.jpg
dissimilar	511 590 606 603	1700 2200	page_4_image_0.jpg
among	612 593 678 606	1700 2200	page_4_image_0.jpg
the	684 589 714 603	1700 2200	page_4_image_0.jpg
following	720 589 810 606	1700 2200	page_4_image_0.jpg
is:	816 590 837 603	1700 2200	page_4_image_0.jpg
a)	117 631 134 647	1700 2200	page_4_image_0.jpg
Amit-	140 631 195 644	1700 2200	page_4_image_0.jpg
Bhuvan	201 631 272 644	1700 2200	page_4_image_0.jpg
b)	117 672 135 689	1700 2200	page_4_image_0.jpg
Bhuvan-	142 672 220 686	1700 2200	page_4_image_0.jpg
Dilip	226 672 273 689	1700 2200	page_4_image_0.jpg
c)	117 714 135 731	1700 2200	page_4_image_0.jpg
Dilip-	140 714 195 731	1700 2200	page_4_image_0.jpg
Ehsaan	201 714 267 728	1700 2200	page_4_image_0.jpg
d)	117 756 135 773	1700 2200	page_4_image_0.jpg
Chetan-	142 756 213 769	1700 2200	page_4_image_0.jpg
Ehsaan	220 756 286 769	1700 2200	page_4_image_0.jpg
7)	117 798 135 814	1700 2200	page_4_image_0.jpg
Who	142 798 188 811	1700 2200	page_4_image_0.jpg
among	195 801 261 814	1700 2200	page_4_image_0.jpg
the	266 798 297 811	1700 2200	page_4_image_0.jpg
following	303 798 392 815	1700 2200	page_4_image_0.jpg
is	398 798 414 811	1700 2200	page_4_image_0.jpg
most	419 799 466 811	1700 2200	page_4_image_0.jpg
similar	472 798 541 811	1700 2200	page_4_image_0.jpg
to	546 799 565 811	1700 2200	page_4_image_0.jpg
Amit?	570 798 631 811	1700 2200	page_4_image_0.jpg
a)	117 840 134 856	1700 2200	page_4_image_0.jpg
Bhuvan	140 839 212 853	1700 2200	page_4_image_0.jpg

FRESHERS	781 132 840 140	1700 2200	page_3_image_0.jpg
NOW	843 132 876 140	1700 2200	page_3_image_0.jpg
4)	116 226 136 244	1700 2200	page_3_image_0.jpg
If	142 227 160 239	1700 2200	page_3_image_0.jpg
Mr.	164 227 201 240	1700 2200	page_3_image_0.jpg
X	207 227 224 240	1700 2200	page_3_image_0.jpg
painted	230 227 302 243	1700 2200	page_3_image_0.jpg
as	310 231 329 240	1700 2200	page_3_image_0.jpg
many	335 230 389 243	1700 2200	page_3_image_0.jpg
different	395 227 480 240	1700 2200	page_3_image_0.jpg
types	486 228 536 243	1700 2200	page_3_image_0.jpg
of	543 227 563 240	1700 2200	page_3_image_0.jpg
colours	568 227 638 240	1700 2200	page_3_image_0.jpg
as	645 231 664 240	1700 2200	page_3_image_0.jpg
possible,	670 227 753 243	1700 2200	page_3_image_0.jpg
then	759 227 802 240	1700 2200	page_3_image_0.jpg
it	808 227 822 240	1700 2200	page_3_image_0.jpg
must	828 228 876 240	1700 2200	page_3_image_0.jpg
be	117 259 140 272	1700 2200	page_3_image_0.jpg
true	145 260 186 272	1700 2200	page_3_image_0.jpg
that	192 259 231 272	1700 2200	page_3_image_0.jpg
he	237 259 260 272	1700 2200	page_3_image_0.jpg
did	266 258 297 272	1700 2200	page_3_image_0.jpg
not	303 261 336 272	1700 2200	page_3_image_0.jpg
paint	341 259 392 275	1700 2200	page_3_image_0.jpg
one	398 262 431 272	1700 2200	page_3_image_0.jpg
of	438 258 458 272	1700 2200	page_3_image_0.jpg
the	462 259 492 272	1700 2200	page_3_image_0.jpg
following	498 259 588 275	1700 2200	page_3_image_0.jpg
types	594 260 644 275	1700 2200	page_3_image_0.jpg
of	651 258 672 272	1700 2200	page_3_image_0.jpg
colours.	676 259 751 272	1700 2200	page_3_image_0.jpg
a)	118 301 134 317	1700 2200	page_3_image_0.jpg
blue	140 300 180 314	1700 2200	page_3_image_0.jpg
b)	117 342 136 359	1700 2200	page_3_image_0.jpg
hazy	142 342 185 359	1700 2200	page_3_image_0.jpg
grey	190 346 233 358	1700 2200	page_3_image_0.jpg
c)	117 383 134 400	1700 2200	page_3_image_0.jpg
teal	140 384 173 397	1700 2200	page_3_image_0.jpg
d)	118 425 135 442	1700 2200	page_3_image_0.jpg
jumping	140 425 218 443	1700 2200	page_3_image_0.jpg
yellow	224 425 286 442	1700 2200	page_3_image_0.jpg
5)	117 467 135 484	1700 2200	page_3_image_0.jpg
If	142 467 160 480	1700 2200	page_3_image_0.jpg
Mr.	164 467 201 480	1700 2200	page_3_image_0.jpg
X	207 467 224 480	1700 2200	page_3_image_0.jpg
painted	230 467 302 484	1700 2200	page_3_image_0.jpg
at	309 469 328 480	1700 2200	page_3_image_0.jpg
least	334 467 378 480	1700 2200	page_3_image_0.jpg
one	384 471 418 480	1700 2200	page_3_image_0.jpg
room,	424 471 481 483	1700 2200	page_3_image_0.jpg
find	487 467 526 480	1700 2200	page_3_image_0.jpg
out	533 468 564 480	1700 2200	page_3_image_0.jpg
which	569 467 628 480	1700 2200	page_3_image_0.jpg
one	634 471 668 480	1700 2200	page_3_image_0.jpg
of	674 467 695 480	1700 2200	page_3_image_0.jpg
the	699 467 729 480	1700 2200	page_3_image_0.jpg
following	735 467 825 484	1700 2200	page_3_image_0.jpg
are	831 471 862 480	1700 2200	page_3_image_0.jpg
the	117 500 147 513	1700 2200	page_3_image_0.jpg
minimum	153 499 248 513	1700 2200	page_3_image_0.jpg
and	255 500 291 513	1700 2200	page_3_image_0.jpg
the	297 500 327 513	1700 2200	page_3_image_0.jpg
maximum	334 500 431 513	1700 2200	page_3_image_0.jpg
numbers	438 500 524 513	1700 2200	page_3_image_0.jpg
of	530 499 551 513	1700 2200	page_3_image_0.jpg
the	554 500 585 513	1700 2200	page_3_image_0.jpg
types	591 501 641 516	1700 2200	page_3_image_0.jpg
of	648 499 668 513	1700 2200	page_3_image_0.jpg
colours	672 500 743 513	1700 2200	page_3_image_0.jpg
that	749 500 788 513	1700 2200	page_3_image_0.jpg
he	794 500 817 513	1700 2200	page_3_image_0.jpg
could	823 500 875 513	1700 2200	page_3_image_0.jpg
paint	117 531 168 548	1700 2200	page_3_image_0.jpg
?	174 531 184 544	1700 2200	page_3_image_0.jpg
a)	117 573 134 590	1700 2200	page_3_image_0.jpg
1,4	142 573 174 588	1700 2200	page_3_image_0.jpg
b)	117 615 135 631	1700 2200	page_3_image_0.jpg
1,5	145 615 175 631	1700 2200	page_3_image_0.jpg
c)	117 656 134 673	1700 2200	page_3_image_0.jpg
1,6	142 656 175 672	1700 2200	page_3_image_0.jpg
d)	117 698 136 715	1700 2200	page_3_image_0.jpg
2,	142 698 161 714	1700 2200	page_3_image_0.jpg
5	165 698 175 711	1700 2200	page_3_image_0.jpg
CASELET	118 740 223 753	1700 2200	page_3_image_0.jpg
2	230 740 241 753	1700 2200	page_3_image_0.jpg
It's	117 782 147 795	1700 2200	page_3_image_0.jpg
Valentine's	153 781 258 795	1700 2200	page_3_image_0.jpg
Day	265 782 302 798	1700 2200	page_3_image_0.jpg
and	308 781 341 794	1700 2200	page_3_image_0.jpg
five	347 781 382 794	1700 2200	page_3_image_0.jpg
boys	388 781 431 798	1700 2200	page_3_image_0.jpg
Amit,	436 781 489 797	1700 2200	page_3_image_0.jpg
Bhuvan,	495 781 572 797	1700 2200	page_3_image_0.jpg
Chetan,	578 782 647 797	1700 2200	page_3_image_0.jpg
Dilip	654 781 701 798	1700 2200	page_3_image_0.jpg
and	707 781 740 794	1700 2200	page_3_image_0.jpg
Ehsaan	746 781 811 795	1700 2200	page_3_image_0.jpg
are	817 785 845 794	1700 2200	page_3_image_0.jpg
buying	117 813 180 830	1700 2200	page_3_image_0.jpg
flowers	186 813 255 827	1700 2200	page_3_image_0.jpg
for	260 813 288 827	1700 2200	page_3_image_0.jpg
their	293 813 335 827	1700 2200	page_3_image_0.jpg
respective	340 814 433 830	1700 2200	page_3_image_0.jpg
girlfriends.	440 813 539 830	1700 2200	page_3_image_0.jpg

FRESHERS	781 132 840 140	1700 2200	page_2_image_0.jpg
NOW	843 132 876 140	1700 2200	page_2_image_0.jpg
a)	117 227 135 243	1700 2200	page_2_image_0.jpg
one	140 231 173 240	1700 2200	page_2_image_0.jpg
blue,	179 227 223 242	1700 2200	page_2_image_0.jpg
one	230 231 263 240	1700 2200	page_2_image_0.jpg
Terry	268 227 319 243	1700 2200	page_2_image_0.jpg
cherry,	325 227 389 243	1700 2200	page_2_image_0.jpg
one	395 231 428 240	1700 2200	page_2_image_0.jpg
violet	434 227 486 240	1700 2200	page_2_image_0.jpg
latte,	492 227 536 242	1700 2200	page_2_image_0.jpg
two	542 229 576 240	1700 2200	page_2_image_0.jpg
happy	582 227 638 243	1700 2200	page_2_image_0.jpg
pink	643 227 684 243	1700 2200	page_2_image_0.jpg
b)	117 268 135 285	1700 2200	page_2_image_0.jpg
one	142 272 174 281	1700 2200	page_2_image_0.jpg
blue,	180 268 225 284	1700 2200	page_2_image_0.jpg
one	232 272 264 281	1700 2200	page_2_image_0.jpg
teal,	270 268 308 284	1700 2200	page_2_image_0.jpg
one	314 272 347 281	1700 2200	page_2_image_0.jpg
Terry	353 268 404 285	1700 2200	page_2_image_0.jpg
cherry,	410 268 473 284	1700 2200	page_2_image_0.jpg
three	480 268 525 281	1700 2200	page_2_image_0.jpg
happy	531 268 586 285	1700 2200	page_2_image_0.jpg
pink	592 268 633 285	1700 2200	page_2_image_0.jpg
c)	118 310 134 326	1700 2200	page_2_image_0.jpg
two	140 312 174 323	1700 2200	page_2_image_0.jpg
blue,	180 310 224 325	1700 2200	page_2_image_0.jpg
one	232 314 264 323	1700 2200	page_2_image_0.jpg
teal,	270 310 308 326	1700 2200	page_2_image_0.jpg
three	314 310 360 323	1700 2200	page_2_image_0.jpg
Terry	366 310 416 326	1700 2200	page_2_image_0.jpg
Cherry	423 310 485 326	1700 2200	page_2_image_0.jpg
d)	118 352 135 368	1700 2200	page_2_image_0.jpg
one	142 356 174 365	1700 2200	page_2_image_0.jpg
jacket,	179 352 240 368	1700 2200	page_2_image_0.jpg
one	247 356 280 365	1700 2200	page_2_image_0.jpg
Terry	285 352 336 368	1700 2200	page_2_image_0.jpg
cherry,	342 352 405 368	1700 2200	page_2_image_0.jpg
two	411 354 445 365	1700 2200	page_2_image_0.jpg
violet	451 352 504 365	1700 2200	page_2_image_0.jpg
latte	509 352 548 365	1700 2200	page_2_image_0.jpg
and	554 352 587 365	1700 2200	page_2_image_0.jpg
one	593 356 626 365	1700 2200	page_2_image_0.jpg
happy	632 352 687 368	1700 2200	page_2_image_0.jpg
pink	693 352 734 368	1700 2200	page_2_image_0.jpg
2)	117 393 135 409	1700 2200	page_2_image_0.jpg
If	142 393 160 406	1700 2200	page_2_image_0.jpg
Mr.	163 393 201 406	1700 2200	page_2_image_0.jpg
X	207 393 224 406	1700 2200	page_2_image_0.jpg
did	230 393 261 406	1700 2200	page_2_image_0.jpg
not	267 394 299 406	1700 2200	page_2_image_0.jpg
paint	304 393 355 410	1700 2200	page_2_image_0.jpg
any	362 397 397 410	1700 2200	page_2_image_0.jpg
room	402 397 454 406	1700 2200	page_2_image_0.jpg
happy	461 393 521 410	1700 2200	page_2_image_0.jpg
pink,	527 393 576 410	1700 2200	page_2_image_0.jpg
what	583 393 631 406	1700 2200	page_2_image_0.jpg
was	636 397 673 406	1700 2200	page_2_image_0.jpg
the	679 393 710 406	1700 2200	page_2_image_0.jpg
maximum	716 393 814 406	1700 2200	page_2_image_0.jpg
number	117 426 195 439	1700 2200	page_2_image_0.jpg
of	201 425 221 438	1700 2200	page_2_image_0.jpg
the	225 426 256 438	1700 2200	page_2_image_0.jpg
different	261 425 346 439	1700 2200	page_2_image_0.jpg
types	352 427 402 442	1700 2200	page_2_image_0.jpg
of	409 426 429 439	1700 2200	page_2_image_0.jpg
colours	434 426 504 439	1700 2200	page_2_image_0.jpg
that	510 426 550 438	1700 2200	page_2_image_0.jpg
he	555 425 578 438	1700 2200	page_2_image_0.jpg
could	584 426 636 438	1700 2200	page_2_image_0.jpg
paint	642 426 694 442	1700 2200	page_2_image_0.jpg
?	700 426 709 438	1700 2200	page_2_image_0.jpg
a)	118 467 134 484	1700 2200	page_2_image_0.jpg
two	140 469 174 481	1700 2200	page_2_image_0.jpg
b)	118 508 135 525	1700 2200	page_2_image_0.jpg
three	142 509 187 522	1700 2200	page_2_image_0.jpg
c)	118 551 134 567	1700 2200	page_2_image_0.jpg
four	141 550 179 563	1700 2200	page_2_image_0.jpg
d)	118 592 135 609	1700 2200	page_2_image_0.jpg
five	141 592 177 606	1700 2200	page_2_image_0.jpg
3)	117 634 135 650	1700 2200	page_2_image_0.jpg
Which	142 634 206 647	1700 2200	page_2_image_0.jpg
one	212 637 247 647	1700 2200	page_2_image_0.jpg
of	253 633 273 647	1700 2200	page_2_image_0.jpg
the	277 634 307 647	1700 2200	page_2_image_0.jpg
following	313 633 403 650	1700 2200	page_2_image_0.jpg
statements	409 635 513 647	1700 2200	page_2_image_0.jpg
must	519 635 567 647	1700 2200	page_2_image_0.jpg
be	573 634 595 647	1700 2200	page_2_image_0.jpg
false?	602 634 656 647	1700 2200	page_2_image_0.jpg
a)	117 676 134 692	1700 2200	page_2_image_0.jpg
Mr.	140 676 173 689	1700 2200	page_2_image_0.jpg
X	180 676 196 688	1700 2200	page_2_image_0.jpg
painted	202 676 269 692	1700 2200	page_2_image_0.jpg
exactly	275 676 340 692	1700 2200	page_2_image_0.jpg
four	347 675 385 688	1700 2200	page_2_image_0.jpg
rooms	391 679 448 688	1700 2200	page_2_image_0.jpg
with	454 675 494 688	1700 2200	page_2_image_0.jpg
colours,	500 676 572 691	1700 2200	page_2_image_0.jpg
one	579 679 611 688	1700 2200	page_2_image_0.jpg
of	617 675 638 689	1700 2200	page_2_image_0.jpg
which	642 675 698 688	1700 2200	page_2_image_0.jpg
was	704 679 738 688	1700 2200	page_2_image_0.jpg
a	745 679 755 688	1700 2200	page_2_image_0.jpg
hat.	761 676 793 688	1700 2200	page_2_image_0.jpg
b)	117 717 135 734	1700 2200	page_2_image_0.jpg
Mr.	142 717 174 730	1700 2200	page_2_image_0.jpg
X	181 717 198 730	1700 2200	page_2_image_0.jpg
painted	203 717 270 734	1700 2200	page_2_image_0.jpg
exactly	276 717 342 734	1700 2200	page_2_image_0.jpg
three	348 717 394 730	1700 2200	page_2_image_0.jpg
rooms	399 721 456 730	1700 2200	page_2_image_0.jpg
with	462 717 503 730	1700 2200	page_2_image_0.jpg
colours,	509 717 581 733	1700 2200	page_2_image_0.jpg
one	587 721 620 730	1700 2200	page_2_image_0.jpg
of	626 717 648 730	1700 2200	page_2_image_0.jpg
which	651 717 707 730	1700 2200	page_2_image_0.jpg
was	712 721 747 731	1700 2200	page_2_image_0.jpg
a	754 721 763 730	1700 2200	page_2_image_0.jpg
happy	769 717 826 734	1700 2200	page_2_image_0.jpg
pink.	831 717 876 734	1700 2200	page_2_image_0.jpg
c)	117 759 134 775	1700 2200	page_2_image_0.jpg
Mr.	140 759 173 772	1700 2200	page_2_image_0.jpg
X	180 759 196 772	1700 2200	page_2_image_0.jpg
painted	202 759 269 775	1700 2200	page_2_image_0.jpg
exactly	275 759 340 775	1700 2200	page_2_image_0.jpg
four	347 758 385 772	1700 2200	page_2_image_0.jpg
rooms	390 762 448 772	1700 2200	page_2_image_0.jpg
with	454 758 494 772	1700 2200	page_2_image_0.jpg
colours,	500 759 572 774	1700 2200	page_2_image_0.jpg
one	579 763 611 772	1700 2200	page_2_image_0.jpg
of	618 758 638 772	1700 2200	page_2_image_0.jpg
which	642 759 698 772	1700 2200	page_2_image_0.jpg
was	704 763 738 772	1700 2200	page_2_image_0.jpg
a	745 763 755 772	1700 2200	page_2_image_0.jpg
blue.	760 758 804 772	1700 2200	page_2_image_0.jpg
d)	118 801 136 817	1700 2200	page_2_image_0.jpg
None	142 801 191 813	1700 2200	page_2_image_0.jpg
of	197 800 218 813	1700 2200	page_2_image_0.jpg
these	222 801 268 813	1700 2200	page_2_image_0.jpg

FRESHERS	781 132 840 140	1700 2200	page_1_image_0.jpg
NOW	844 132 876 140	1700 2200	page_1_image_0.jpg
Data	375 228 436 245	1700 2200	page_1_image_0.jpg
Interpretation	444 228 623 249	1700 2200	page_1_image_0.jpg
CASELET	118 278 224 291	1700 2200	page_1_image_0.jpg
1:	231 278 247 291	1700 2200	page_1_image_0.jpg
Mr	118 320 146 333	1700 2200	page_1_image_0.jpg
X	151 320 167 333	1700 2200	page_1_image_0.jpg
has	173 320 203 333	1700 2200	page_1_image_0.jpg
built	209 319 251 333	1700 2200	page_1_image_0.jpg
a	257 323 267 333	1700 2200	page_1_image_0.jpg
mansion	272 320 350 333	1700 2200	page_1_image_0.jpg
with	355 320 397 333	1700 2200	page_1_image_0.jpg
10	404 320 425 333	1700 2200	page_1_image_0.jpg
rooms.	430 323 492 333	1700 2200	page_1_image_0.jpg
He	499 320 526 333	1700 2200	page_1_image_0.jpg
was	531 323 567 333	1700 2200	page_1_image_0.jpg
confused	573 319 655 333	1700 2200	page_1_image_0.jpg
about	662 320 712 333	1700 2200	page_1_image_0.jpg
the	718 320 746 333	1700 2200	page_1_image_0.jpg
colours	752 320 818 333	1700 2200	page_1_image_0.jpg
he	824 320 845 332	1700 2200	page_1_image_0.jpg
should	117 352 178 365	1700 2200	page_1_image_0.jpg
use	184 356 214 365	1700 2200	page_1_image_0.jpg
while	220 352 271 365	1700 2200	page_1_image_0.jpg
painting	276 352 351 368	1700 2200	page_1_image_0.jpg
each	358 352 398 365	1700 2200	page_1_image_0.jpg
room.	404 355 457 365	1700 2200	page_1_image_0.jpg
He	465 352 491 365	1700 2200	page_1_image_0.jpg
had	496 352 530 365	1700 2200	page_1_image_0.jpg
the	536 352 563 365	1700 2200	page_1_image_0.jpg
following	569 352 658 368	1700 2200	page_1_image_0.jpg
choice	664 352 723 365	1700 2200	page_1_image_0.jpg
of	729 352 750 365	1700 2200	page_1_image_0.jpg
colours:	754 352 826 365	1700 2200	page_1_image_0.jpg
blue,	833 352 878 367	1700 2200	page_1_image_0.jpg
hazy	117 383 160 400	1700 2200	page_1_image_0.jpg
grey,	166 387 212 400	1700 2200	page_1_image_0.jpg
jumping	216 383 294 400	1700 2200	page_1_image_0.jpg
yellow,	299 383 367 400	1700 2200	page_1_image_0.jpg
teal,	374 384 412 399	1700 2200	page_1_image_0.jpg
violet	418 383 470 397	1700 2200	page_1_image_0.jpg
latte,	476 383 520 399	1700 2200	page_1_image_0.jpg
Terry	527 384 577 400	1700 2200	page_1_image_0.jpg
Cherry	584 383 646 400	1700 2200	page_1_image_0.jpg
and	652 383 685 397	1700 2200	page_1_image_0.jpg
happy	690 383 747 401	1700 2200	page_1_image_0.jpg
pink.	753 383 798 400	1700 2200	page_1_image_0.jpg
It	804 383 819 397	1700 2200	page_1_image_0.jpg
was	824 387 859 397	1700 2200	page_1_image_0.jpg
also	117 416 153 429	1700 2200	page_1_image_0.jpg
known	159 416 222 429	1700 2200	page_1_image_0.jpg
that	227 416 262 429	1700 2200	page_1_image_0.jpg
he	267 416 289 429	1700 2200	page_1_image_0.jpg
could	295 416 346 429	1700 2200	page_1_image_0.jpg
paint	351 416 397 432	1700 2200	page_1_image_0.jpg
more	403 420 450 429	1700 2200	page_1_image_0.jpg
than	455 416 495 429	1700 2200	page_1_image_0.jpg
1	503 416 509 429	1700 2200	page_1_image_0.jpg
room	517 420 566 429	1700 2200	page_1_image_0.jpg
with	572 416 612 429	1700 2200	page_1_image_0.jpg
a	618 420 628 429	1700 2200	page_1_image_0.jpg
single	634 416 688 432	1700 2200	page_1_image_0.jpg
colour.	695 416 757 429	1700 2200	page_1_image_0.jpg
Finally,	764 416 834 433	1700 2200	page_1_image_0.jpg
he	840 416 861 429	1700 2200	page_1_image_0.jpg
set	118 450 143 461	1700 2200	page_1_image_0.jpg
up	148 452 171 465	1700 2200	page_1_image_0.jpg
an	177 452 198 461	1700 2200	page_1_image_0.jpg
algorithm	204 448 292 465	1700 2200	page_1_image_0.jpg
to	298 450 316 461	1700 2200	page_1_image_0.jpg
decide	322 448 381 461	1700 2200	page_1_image_0.jpg
the	387 448 416 461	1700 2200	page_1_image_0.jpg
colours	422 448 488 461	1700 2200	page_1_image_0.jpg
that	494 448 529 461	1700 2200	page_1_image_0.jpg
he	534 448 555 461	1700 2200	page_1_image_0.jpg
would	561 448 619 461	1700 2200	page_1_image_0.jpg
be	625 448 646 461	1700 2200	page_1_image_0.jpg
using.	651 448 706 465	1700 2200	page_1_image_0.jpg
(i)	118 490 138 507	1700 2200	page_1_image_0.jpg
If	144 490 162 503	1700 2200	page_1_image_0.jpg
he	166 490 187 503	1700 2200	page_1_image_0.jpg
painted	193 490 259 506	1700 2200	page_1_image_0.jpg
any	266 494 299 507	1700 2200	page_1_image_0.jpg
room	304 494 353 503	1700 2200	page_1_image_0.jpg
teal,	358 490 396 505	1700 2200	page_1_image_0.jpg
then	402 490 442 503	1700 2200	page_1_image_0.jpg
he	448 490 469 503	1700 2200	page_1_image_0.jpg
did	475 490 504 503	1700 2200	page_1_image_0.jpg
not	510 492 539 503	1700 2200	page_1_image_0.jpg
paint	545 490 591 507	1700 2200	page_1_image_0.jpg
any	596 494 629 507	1700 2200	page_1_image_0.jpg
other	635 490 682 503	1700 2200	page_1_image_0.jpg
room	688 494 736 503	1700 2200	page_1_image_0.jpg
happy	742 490 798 507	1700 2200	page_1_image_0.jpg
pink.	804 490 848 507	1700 2200	page_1_image_0.jpg
(ii)	118 531 144 548	1700 2200	page_1_image_0.jpg
If	151 531 168 544	1700 2200	page_1_image_0.jpg
he	171 531 193 544	1700 2200	page_1_image_0.jpg
painted	199 531 266 548	1700 2200	page_1_image_0.jpg
any	272 535 305 548	1700 2200	page_1_image_0.jpg
room	311 535 359 544	1700 2200	page_1_image_0.jpg
blue,	365 531 409 547	1700 2200	page_1_image_0.jpg
then	415 531 455 544	1700 2200	page_1_image_0.jpg
he	460 531 482 544	1700 2200	page_1_image_0.jpg
did	488 531 517 544	1700 2200	page_1_image_0.jpg
not	522 533 552 544	1700 2200	page_1_image_0.jpg
paint	558 531 603 548	1700 2200	page_1_image_0.jpg
any	609 535 642 548	1700 2200	page_1_image_0.jpg
other	648 532 695 544	1700 2200	page_1_image_0.jpg
room	700 535 749 544	1700 2200	page_1_image_0.jpg
jumping	753 531 831 548	1700 2200	page_1_image_0.jpg
yellow.	117 564 184 580	1700 2200	page_1_image_0.jpg
(iii)	118 606 151 622	1700 2200	page_1_image_0.jpg
If	157 606 174 618	1700 2200	page_1_image_0.jpg
he	178 605 200 618	1700 2200	page_1_image_0.jpg
painted	206 606 272 622	1700 2200	page_1_image_0.jpg
any	279 609 311 622	1700 2200	page_1_image_0.jpg
room	316 609 365 618	1700 2200	page_1_image_0.jpg
blue,	371 605 415 621	1700 2200	page_1_image_0.jpg
then	422 606 461 618	1700 2200	page_1_image_0.jpg
he	467 605 489 618	1700 2200	page_1_image_0.jpg
painted	495 606 561 622	1700 2200	page_1_image_0.jpg
at	567 608 584 618	1700 2200	page_1_image_0.jpg
least	590 605 631 618	1700 2200	page_1_image_0.jpg
one	637 609 670 618	1700 2200	page_1_image_0.jpg
room	675 609 724 618	1700 2200	page_1_image_0.jpg
happy	730 605 786 622	1700 2200	page_1_image_0.jpg
pink.	792 605 836 622	1700 2200	page_1_image_0.jpg
(iv)	118 647 149 664	1700 2200	page_1_image_0.jpg
If	155 647 173 660	1700 2200	page_1_image_0.jpg
he	177 647 198 660	1700 2200	page_1_image_0.jpg
painted	203 647 271 664	1700 2200	page_1_image_0.jpg
any	277 651 310 664	1700 2200	page_1_image_0.jpg
room	315 651 364 660	1700 2200	page_1_image_0.jpg
jumping	368 647 445 664	1700 2200	page_1_image_0.jpg
yellow,	451 647 519 664	1700 2200	page_1_image_0.jpg
then	526 647 564 660	1700 2200	page_1_image_0.jpg
he	570 647 592 660	1700 2200	page_1_image_0.jpg
painted	598 647 665 664	1700 2200	page_1_image_0.jpg
at	671 649 687 660	1700 2200	page_1_image_0.jpg
least	693 647 735 660	1700 2200	page_1_image_0.jpg
one	741 651 773 660	1700 2200	page_1_image_0.jpg
room	779 651 827 660	1700 2200	page_1_image_0.jpg
violet	117 679 169 692	1700 2200	page_1_image_0.jpg
latte.	175 679 219 692	1700 2200	page_1_image_0.jpg
(v)	118 721 143 737	1700 2200	page_1_image_0.jpg
If	150 721 166 734	1700 2200	page_1_image_0.jpg
he	170 721 192 734	1700 2200	page_1_image_0.jpg
painted	198 721 265 737	1700 2200	page_1_image_0.jpg
any	271 725 303 737	1700 2200	page_1_image_0.jpg
room	308 725 358 734	1700 2200	page_1_image_0.jpg
violet	363 721 416 734	1700 2200	page_1_image_0.jpg
latte,	421 721 465 737	1700 2200	page_1_image_0.jpg
then	472 721 511 734	1700 2200	page_1_image_0.jpg
he	517 721 539 734	1700 2200	page_1_image_0.jpg
painted	545 721 611 737	1700 2200	page_1_image_0.jpg
at	617 723 634 734	1700 2200	page_1_image_0.jpg
least	640 721 681 734	1700 2200	page_1_image_0.jpg
one	688 725 720 734	1700 2200	page_1_image_0.jpg
room	726 725 774 734	1700 2200	page_1_image_0.jpg
happy	780 721 836 738	1700 2200	page_1_image_0.jpg
pink.	117 753 162 770	1700 2200	page_1_image_0.jpg
(vi)	118 795 150 811	1700 2200	page_1_image_0.jpg
if	156 795 172 808	1700 2200	page_1_image_0.jpg
he	176 795 197 808	1700 2200	page_1_image_0.jpg
painted	203 795 270 811	1700 2200	page_1_image_0.jpg
any	276 799 309 812	1700 2200	page_1_image_0.jpg
room	314 799 363 808	1700 2200	page_1_image_0.jpg
happy	369 795 424 812	1700 2200	page_1_image_0.jpg
pink,	430 795 476 812	1700 2200	page_1_image_0.jpg
then	482 795 521 808	1700 2200	page_1_image_0.jpg
he	527 795 548 808	1700 2200	page_1_image_0.jpg
painted	554 795 622 811	1700 2200	page_1_image_0.jpg
at	628 796 645 808	1700 2200	page_1_image_0.jpg
least	650 795 691 808	1700 2200	page_1_image_0.jpg
rooms	697 799 754 808	1700 2200	page_1_image_0.jpg
happy	760 795 816 812	1700 2200	page_1_image_0.jpg
pink.	822 795 867 812	1700 2200	page_1_image_0.jpg
1)	118 837 135 852	1700 2200	page_1_image_0.jpg
Which	143 837 206 850	1700 2200	page_1_image_0.jpg
one	212 840 247 849	1700 2200	page_1_image_0.jpg
of	253 836 273 849	1700 2200	page_1_image_0.jpg
the	277 837 307 849	1700 2200	page_1_image_0.jpg
following	313 837 403 853	1700 2200	page_1_image_0.jpg
could	410 837 462 849	1700 2200	page_1_image_0.jpg
be	469 837 491 849	1700 2200	page_1_image_0.jpg
a	497 840 508 849	1700 2200	page_1_image_0.jpg
complete	515 837 601 853	1700 2200	page_1_image_0.jpg
list	607 837 637 849	1700 2200	page_1_image_0.jpg
of	642 836 663 849	1700 2200	page_1_image_0.jpg
the	667 837 697 849	1700 2200	page_1_image_0.jpg
number	703 837 780 849	1700 2200	page_1_image_0.jpg
of	786 836 807 849	1700 2200	page_1_image_0.jpg
rooms	811 840 871 849	1700 2200	page_1_image_0.jpg
and	118 869 153 882	1700 2200	page_1_image_0.jpg
colours	160 868 231 882	1700 2200	page_1_image_0.jpg
that	237 869 276 882	1700 2200	page_1_image_0.jpg
Mr	282 869 313 882	1700 2200	page_1_image_0.jpg
X	319 869 336 882	1700 2200	page_1_image_0.jpg
used	342 869 385 882	1700 2200	page_1_image_0.jpg
to	391 870 410 882	1700 2200	page_1_image_0.jpg
paint	416 869 467 885	1700 2200	page_1_image_0.jpg
some	473 872 522 882	1700 2200	page_1_image_0.jpg
of	528 869 549 882	1700 2200	page_1_image_0.jpg
the	553 869 583 882	1700 2200	page_1_image_0.jpg
rooms	589 872 649 882	1700 2200	page_1_image_0.jpg
of	656 869 676 882	1700 2200	page_1_image_0.jpg
his	681 869 708 882	1700 2200	page_1_image_0.jpg
house?	714 869 780 882	1700 2200	page_1_image_0.jpg

